Available resultsets
(1) functions.MultilayerPerceptron 173 0 0 100 0.019622 1 0 1 1 1 1 3.457
(2) functions.MultilayerPerceptron 172 1 0 99.421965 0.046454 1 0.019231 0.991803 1 0.995885 0.999841 3.506
(3) functions.MultilayerPerceptron 171 2 0 98.843931 0.076573 1 0 1 1 1 1 3.526
(4) functions.MultilayerPerceptron 171 2 0 98.843931 0.047021 0.991736 0.019231 0.991736 0.991736 0.991736 0.999841 3.503
(5) functions.MultilayerPerceptron 173 0 0 100 0.021335 1 0 1 1 1 1 3.513
(6) functions.MultilayerPerceptron 173 0 0 100 0.020771 1 0 1 1 1 1 3.511
(7) functions.MultilayerPerceptron 170 3 0 98.265896 0.091498 1 0.019231 0.991803 1 0.995885 0.999841 3.583
(8) functions.MultilayerPerceptron 173 0 0 100 0.020841 1 0 1 1 1 1 3.55
(9) functions.MultilayerPerceptron 172 0 0 100 0.012055 1 0 1 1 1 1 3.516
(10) functions.MultilayerPerceptron 172 0 0 100 0.016674 1 0 1 1 1 1 3.537
(11) functions.MultilayerPerceptron 172 1 0 99.421965 0.039456 0.991736 0 1 0.991736 0.995851 1 3.601
(12) functions.MultilayerPerceptron 172 1 0 99.421965 0.043593 1 0 1 1 1 1 3.512
(13) functions.MultilayerPerceptron 171 2 0 98.843931 0.078787 0.991736 0 1 0.991736 0.995851 1 3.403
(14) functions.MultilayerPerceptron 172 1 0 99.421965 0.053993 1 0 1 1 1 1 3.487
(15) functions.MultilayerPerceptron 173 0 0 100 0.047755 1 0 1 1 1 1 3.497
(16) functions.MultilayerPerceptron 172 1 0 99.421965 0.06089 1 0 1 1 1 1 3.421
(17) functions.MultilayerPerceptron 172 1 0 99.421965 0.055524 1 0.019231 0.991803 1 0.995885 0.999682 3.417
(18) functions.MultilayerPerceptron 172 1 0 99.421965 0.046335 1 0 1 1 1 1 3.405
(19) functions.MultilayerPerceptron 172 0 0 100 0.03289 1 0 1 1 1 1 3.41
(20) functions.MultilayerPerceptron 172 0 0 100 0.018401 1 0 1 1 1 1 3.448
(21) functions.MultilayerPerceptron 173 0 0 100 0.021666 1 0 1 1 1 1 3.411
(22) functions.MultilayerPerceptron 173 0 0 100 0.020504 1 0 1 1 1 1 3.399
(23) functions.MultilayerPerceptron 173 0 0 100 0.046589 1 0 1 1 1 1 3.412
(24) functions.MultilayerPerceptron 172 1 0 99.421965 0.029783 1 0.019231 0.991803 1 0.995885 1 3.424
(25) functions.MultilayerPerceptron 173 0 0 100 0.040007 1 0 1 1 1 1 3.406
(26) functions.MultilayerPerceptron 172 1 0 99.421965 0.039065 0.991736 0 1 0.991736 0.995851 1 3.42
(27) functions.MultilayerPerceptron 173 0 0 100 0.007329 1 0 1 1 1 1 3.41
(28) functions.MultilayerPerceptron 171 2 0 98.843931 0.048818 1 0.038462 0.98374 1 0.991803 1 3.412
(29) functions.MultilayerPerceptron 170 2 0 98.837209 0.075742 1 0 1 1 1 1 3.415
(30) functions.MultilayerPerceptron 172 0 0 100 0.02917 1 0 1 1 1 1 3.411
(31) functions.MultilayerPerceptron 171 2 0 98.843931 0.060391 1 0.019231 0.991803 1 0.995885 1 3.428
(32) functions.MultilayerPerceptron 173 0 0 100 0.010284 1 0 1 1 1 1 3.415
(33) functions.MultilayerPerceptron 170 3 0 98.265896 0.077558 0.983471 0 1 0.983471 0.991667 0.999841 3.409
(34) functions.MultilayerPerceptron 173 0 0 100 0.015424 1 0 1 1 1 1 3.421
(35) functions.MultilayerPerceptron 172 1 0 99.421965 0.048154 1 0.019231 0.991803 1 0.995885 0.999841 3.427
(36) functions.MultilayerPerceptron 173 0 0 100 0.030995 1 0 1 1 1 1 3.419
(37) functions.MultilayerPerceptron 167 6 0 96.531792 0.111034 0.966942 0.019231 0.991525 0.966942 0.979079 0.996345 3.401
(38) functions.MultilayerPerceptron 172 1 0 99.421965 0.03866 0.991736 0 1 0.991736 0.995851 1 3.417
(39) functions.MultilayerPerceptron 172 0 0 100 0.010256 1 0 1 1 1 1 3.417
(40) functions.MultilayerPerceptron 170 2 0 98.837209 0.074859 1 0 1 1 1 1 3.418
(41) functions.MultilayerPerceptron 167 6 0 96.531792 0.120871 0.983471 0 1 0.983471 0.991667 0.999364 3.431
(42) functions.MultilayerPerceptron 172 1 0 99.421965 0.061984 1 0.019231 0.991803 1 0.995885 0.999205 3.425
(43) functions.MultilayerPerceptron 171 2 0 98.843931 0.068588 0.983471 0 1 0.983471 0.991667 0.999841 3.416
(44) functions.MultilayerPerceptron 170 3 0 98.265896 0.079803 0.975207 0 1 0.975207 0.987448 0.999841 3.409
(45) functions.MultilayerPerceptron 173 0 0 100 0.020094 1 0 1 1 1 1 3.446
(46) functions.MultilayerPerceptron 172 1 0 99.421965 0.032125 0.991736 0 1 0.991736 0.995851 1 3.515
(47) functions.MultilayerPerceptron 171 2 0 98.843931 0.062623 1 0 1 1 1 1 3.512
(48) functions.MultilayerPerceptron 173 0 0 100 0.031219 1 0 1 1 1 1 3.447
(49) functions.MultilayerPerceptron 170 2 0 98.837209 0.078328 1 0 1 1 1 1 3.417
(50) functions.MultilayerPerceptron 172 0 0 100 0.009509 1 0 1 1 1 1 3.421
(51) rules.Prism 152 5 16 87.861272 0.126189 0.991736 0.027778 0.991736 0.991736 0.991736 0.986252 0.027
(52) rules.Prism 148 5 20 85.549133 0.127827 1 0 1 1 1 1 0.027
(53) rules.Prism 153 7 13 88.439306 0.147902 1 0.073171 0.97541 1 0.987552 0.962889 0.03
(54) rules.Prism 155 6 12 89.595376 0.136505 1 0 1 1 1 0.995868 0.025
(55) rules.Prism 154 6 13 89.017341 0.136931 1 0 1 1 1 1 0.028
(56) rules.Prism 156 4 13 90.17341 0.111803 1 0.025641 0.991803 1 0.995885 0.990385 0.029
(57) rules.Prism 149 13 11 86.127168 0.200308 1 0.02439 0.991803 1 0.995885 0.990385 0.029
(58) rules.Prism 157 5 11 90.751445 0.124226 1 0 1 1 1 1 0.028
(59) rules.Prism 156 4 12 90.697674 0.111803 1 0.025 0.991736 1 0.995851 0.986064 0.03
(60) rules.Prism 163 6 3 94.767442 0.133235 0.991736 0.020833 0.991736 0.991736 0.991736 0.986064 0.027
(61) rules.Prism 154 7 12 89.017341 0.147442 1 0 1 1 1 1 0.027
(62) rules.Prism 152 3 18 87.861272 0.098374 1 0 1 1 1 1 0.028
(63) rules.Prism 153 7 13 88.439306 0.147902 0.983471 0.025641 0.991667 0.983471 0.987552 0.98212 0.029
(64) rules.Prism 151 8 14 87.283237 0.15861 1 0 1 1 1 1 0.027
(65) rules.Prism 152 7 14 87.861272 0.148366 1 0.026316 0.991803 1 0.995885 0.990385 0.03
(66) rules.Prism 154 9 10 89.017341 0.166155 1 0.02381 0.991803 1 0.995885 0.990385 0.025
(67) rules.Prism 155 6 12 89.595376 0.136505 1 0.025 0.991803 1 0.995885 0.990385 0.026
(68) rules.Prism 156 4 13 90.17341 0.111803 1 0.025641 0.991803 1 0.995885 0.990385 0.027
(69) rules.Prism 162 2 8 94.186047 0.078087 1 0 1 1 1 1 0.027
(70) rules.Prism 162 6 4 94.186047 0.133631 1 0 1 1 1 1 0.029
(71) rules.Prism 158 6 9 91.32948 0.13525 1 0.046512 0.98374 1 0.991803 0.980769 0.027
(72) rules.Prism 154 6 13 89.017341 0.136931 0.991667 0 1 0.991667 0.995816 0.991736 0.024
(73) rules.Prism 158 6 9 91.32948 0.13525 1 0.023256 0.991803 1 0.995885 0.990385 0.026
(74) rules.Prism 154 6 13 89.017341 0.136931 1 0 1 1 1 1 0.024
(75) rules.Prism 158 6 9 91.32948 0.13525 1 0.023256 0.991803 1 0.995885 0.990385 0.028
(76) rules.Prism 160 4 9 92.485549 0.110432 1 0 1 1 1 1 0.026
(77) rules.Prism 149 8 16 86.127168 0.159617 1 0.052632 0.983471 1 0.991667 0.972505 0.027
(78) rules.Prism 158 9 5 91.860465 0.164153 1 0.043478 0.98374 1 0.991803 0.980392 0.025
(79) rules.Prism 154 8 10 89.534884 0.157135 1 0.047619 0.983607 1 0.991736 0.97626 0.028
(80) rules.Prism 156 6 11 90.17341 0.136083 1 0 1 1 1 1 0.025
(81) rules.Prism 157 4 12 90.751445 0.111456 0.991736 0 1 0.991736 0.995851 0.995868 0.027
(82) rules.Prism 160 4 9 92.485549 0.110432 1 0 1 1 1 1 0.025
(83) rules.Prism 154 7 12 89.017341 0.147442 1 0.025 0.991803 1 0.995885 0.990385 0.024
(84) rules.Prism 153 3 17 88.439306 0.098058 1 0 1 1 1 1 0.025
(85) rules.Prism 152 11 10 87.861272 0.183691 0.983471 0.02381 0.991667 0.983471 0.987552 0.98212 0.024
(86) rules.Prism 156 7 10 90.17341 0.146535 1 0.023256 0.991736 1 0.995851 0.986252 0.025
(87) rules.Prism 160 2 10 93.023256 0.078567 1 0 1 1 1 1 0.028
(88) rules.Prism 154 6 12 89.534884 0.136931 1 0.025641 0.991803 1 0.995885 0.990196 0.027
(89) rules.Prism 150 7 16 86.705202 0.149308 1 0 1 1 1 0.995868 0.025
(90) rules.Prism 157 10 6 90.751445 0.173032 1 0 1 1 1 1 0.026
(91) rules.Prism 148 8 17 85.549133 0.160128 1 0.027778 0.991736 1 0.995851 0.986252 0.024
(92) rules.Prism 156 8 9 90.17341 0.156174 1 0.093023 0.968 1 0.98374 0.961538 0.025
(93) rules.Prism 165 1 7 95.375723 0.054882 1 0 1 1 1 1 0.033
(94) rules.Prism 158 6 9 91.32948 0.13525 1 0 1 1 1 1 0.028
(95) rules.Prism 151 7 15 87.283237 0.148835 1 0.027027 0.991803 1 0.995885 0.990385 0.023
(96) rules.Prism 156 4 13 90.17341 0.111803 1 0 1 1 1 1 0.024
(97) rules.Prism 156 10 6 90.697674 0.173553 1 0.022222 0.991803 1 0.995885 0.990196 0.027
(98) rules.Prism 160 4 8 93.023256 0.110432 1 0 1 1 1 1 0.024
(99) rules.PART 160 13 0 92.485549 0.166712 0.966942 0.057692 0.975 0.966942 0.970954 0.97473 0.004
(100) rules.PART 166 7 0 95.953757 0.131894 0.975207 0 1 0.975207 0.987448 0.995073 0.004
(101) rules.PART 169 4 0 97.687861 0.092404 0.983471 0 1 0.983471 0.991667 0.99849 0.004
(102) rules.PART 165 8 0 95.375723 0.142275 0.950413 0 1 0.950413 0.974576 0.982915 0.003
(103) rules.PART 168 5 0 97.109827 0.104689 0.991736 0 1 0.991736 0.995851 0.999126 0.004
(104) rules.PART 167 6 0 96.531792 0.120893 0.975207 0 1 0.975207 0.987448 0.987444 0.005
(105) rules.PART 165 8 0 95.375723 0.130843 0.991736 0 1 0.991736 0.995851 0.995153 0.004
(106) rules.PART 167 6 0 96.531792 0.116085 0.966942 0 1 0.966942 0.983193 0.991894 0.004
(107) rules.PART 163 9 0 94.767442 0.132011 0.991736 0.039216 0.983607 0.991736 0.987654 0.997974 0.004
(108) rules.PART 165 7 0 95.930233 0.123622 0.958678 0.019608 0.991453 0.958678 0.97479 0.98817 0.004
(109) rules.PART 165 8 0 95.375723 0.127148 0.983471 0 1 0.983471 0.991667 1 0.005
(110) rules.PART 169 4 0 97.687861 0.093739 0.983471 0 1 0.983471 0.991667 0.997139 0.005
(111) rules.PART 167 6 0 96.531792 0.118323 0.975207 0 1 0.975207 0.987448 0.996424 0.004
(112) rules.PART 166 7 0 95.953757 0.132858 0.966942 0 1 0.966942 0.983193 0.989034 0.004
(113) rules.PART 162 11 0 93.641618 0.155831 0.958678 0.019231 0.991453 0.958678 0.97479 0.982756 0.003
(114) rules.PART 166 7 0 95.953757 0.127696 0.983471 0.038462 0.983471 0.983471 0.983471 0.993404 0.004
(115) rules.PART 168 5 0 97.109827 0.092847 0.991736 0.019231 0.991736 0.991736 0.991736 0.999523 0.004
(116) rules.PART 166 7 0 95.953757 0.130927 0.966942 0 1 0.966942 0.983193 0.987524 0.003
(117) rules.PART 165 7 0 95.930233 0.128965 0.991736 0.019608 0.991736 0.991736 0.991736 0.985983 0.004
(118) rules.PART 164 8 0 95.348837 0.146128 0.983471 0 1 0.983471 0.991667 0.997488 0.003
(119) rules.PART 165 8 0 95.375723 0.139886 0.975207 0 1 0.975207 0.987448 0.995153 0.003
(120) rules.PART 163 10 0 94.219653 0.153392 0.975207 0.019231 0.991597 0.975207 0.983333 0.983074 0.004
(121) rules.PART 163 10 0 94.219653 0.167919 0.933884 0 1 0.933884 0.965812 0.965194 0.003
(122) rules.PART 166 7 0 95.953757 0.131933 0.983471 0.038462 0.983471 0.983471 0.983471 0.975763 0.004
(123) rules.PART 162 11 0 93.641618 0.151781 0.983471 0.019231 0.991667 0.983471 0.987552 0.993404 0.003
(124) rules.PART 169 4 0 97.687861 0.095176 0.983471 0 1 0.983471 0.991667 0.998729 0.003
(125) rules.PART 169 4 0 97.687861 0.090266 0.991736 0.019231 0.991736 0.991736 0.991736 0.998729 0.004
(126) rules.PART 164 9 0 94.797688 0.15594 0.958678 0 1 0.958678 0.978903 0.983312 0.004
(127) rules.PART 162 10 0 94.186047 0.155407 0.966942 0 1 0.966942 0.983193 0.989143 0.004
(128) rules.PART 164 8 0 95.348837 0.139147 0.975207 0.058824 0.975207 0.975207 0.975207 0.994247 0.004
(129) rules.PART 165 8 0 95.375723 0.128173 0.966942 0.019231 0.991525 0.966942 0.979079 0.995868 0.004
(130) rules.PART 163 10 0 94.219653 0.14443 0.966942 0.019231 0.991525 0.966942 0.979079 0.990385 0.004
(131) rules.PART 161 12 0 93.063584 0.164177 0.975207 0 1 0.975207 0.987448 0.985219 0.004
(132) rules.PART 164 9 0 94.797688 0.14658 0.975207 0 1 0.975207 0.987448 0.991259 0.004
(133) rules.PART 165 8 0 95.375723 0.139892 0.966942 0.019231 0.991525 0.966942 0.979079 0.989113 0.005
(134) rules.PART 162 11 0 93.641618 0.155719 1 0.096154 0.960317 1 0.979757 0.980769 0.007
(135) rules.PART 166 7 0 95.953757 0.1281 0.966942 0 1 0.966942 0.983193 0.995868 0.003
(136) rules.PART 167 6 0 96.531792 0.125339 0.966942 0 1 0.966942 0.983193 0.986968 0.003
(137) rules.PART 169 3 0 98.255814 0.088525 1 0 1 1 1 1 0.004
(138) rules.PART 166 6 0 96.511628 0.113493 0.975207 0 1 0.975207 0.987448 0.996192 0.004
(139) rules.PART 167 6 0 96.531792 0.119529 0.966942 0 1 0.966942 0.983193 0.994199 0.003
(140) rules.PART 167 6 0 96.531792 0.125139 0.975207 0.019231 0.991597 0.975207 0.983333 0.990544 0.003
(141) rules.PART 163 10 0 94.219653 0.153099 0.966942 0 1 0.966942 0.983193 0.99698 0.004
(142) rules.PART 167 6 0 96.531792 0.127794 0.958678 0 1 0.958678 0.978903 0.988477 0.004
(143) rules.PART 167 6 0 96.531792 0.118222 1 0.019231 0.991803 1 0.995885 0.999921 0.004
(144) rules.PART 163 10 0 94.219653 0.146151 0.975207 0.038462 0.983333 0.975207 0.979253 0.990544 0.004
(145) rules.PART 163 10 0 94.219653 0.15238 0.966942 0.019231 0.991525 0.966942 0.979079 0.994676 0.004
(146) rules.PART 169 4 0 97.687861 0.094193 0.991736 0.019231 0.991736 0.991736 0.991736 0.998808 0.004
(147) rules.PART 163 9 0 94.767442 0.153829 0.975207 0.058824 0.975207 0.975207 0.975207 0.988819 0.004
(148) rules.PART 170 2 0 98.837209 0.066732 1 0 1 1 1 1 0.005
(149) trees.J48 158 15 0 91.32948 0.190259 0.942149 0.019231 0.991304 0.942149 0.966102 0.969882 0.001
(150) trees.J48 156 17 0 90.17341 0.177621 0.933884 0.057692 0.974138 0.933884 0.953586 0.984901 0.002
(151) trees.J48 160 13 0 92.485549 0.167003 0.991736 0.115385 0.952381 0.991736 0.97166 0.99547 0.001
(152) trees.J48 159 14 0 91.907514 0.17194 0.950413 0.096154 0.958333 0.950413 0.954357 0.969644 0.001
(153) trees.J48 164 9 0 94.797688 0.147826 0.991736 0.096154 0.96 0.991736 0.97561 0.993404 0.002
(154) trees.J48 165 8 0 95.375723 0.133392 0.966942 0 1 0.966942 0.983193 0.982676 0.001
(155) trees.J48 156 17 0 90.17341 0.195917 0.966942 0.076923 0.966942 0.966942 0.966942 0.989113 0.001
(156) trees.J48 156 17 0 90.17341 0.195229 0.958678 0.115385 0.95082 0.958678 0.954733 0.980054 0.001
(157) trees.J48 158 14 0 91.860465 0.182753 0.950413 0.019608 0.991379 0.950413 0.970464 0.982985 0.001
(158) trees.J48 164 8 0 95.348837 0.14303 0.966942 0.039216 0.983193 0.966942 0.975 0.982823 0.002
(159) trees.J48 158 15 0 91.32948 0.179941 0.950413 0.076923 0.966387 0.950413 0.958333 0.976796 0.001
(160) trees.J48 155 18 0 89.595376 0.173079 0.958678 0.057692 0.97479 0.958678 0.966667 0.986332 0.002
(161) trees.J48 160 13 0 92.485549 0.167537 0.983471 0.038462 0.983471 0.983471 0.983471 0.988795 0.002
(162) trees.J48 151 22 0 87.283237 0.206787 0.950413 0.153846 0.934959 0.950413 0.942623 0.968929 0.001
(163) trees.J48 156 17 0 90.17341 0.197084 0.933884 0.057692 0.974138 0.933884 0.953586 0.965512 0.001
(164) trees.J48 164 9 0 94.797688 0.130524 0.975207 0 1 0.975207 0.987448 0.984981 0.001
(165) trees.J48 164 9 0 94.797688 0.139666 0.983471 0.038462 0.983471 0.983471 0.983471 0.988716 0.001
(166) trees.J48 164 9 0 94.797688 0.150184 0.966942 0.057692 0.975 0.966942 0.970954 0.977908 0.002
(167) trees.J48 164 8 0 95.348837 0.124128 0.975207 0.058824 0.975207 0.975207 0.975207 0.988576 0.001
(168) trees.J48 161 11 0 93.604651 0.146612 0.942149 0 1 0.942149 0.970213 0.986712 0.001
(169) trees.J48 163 10 0 94.219653 0.144088 0.975207 0.076923 0.967213 0.975207 0.971193 0.986491 0.002
(170) trees.J48 159 14 0 91.907514 0.169252 0.958678 0.076923 0.966667 0.958678 0.962656 0.972823 0.001
(171) trees.J48 153 20 0 88.439306 0.212262 0.933884 0.076923 0.965812 0.933884 0.94958 0.964717 0.001
(172) trees.J48 163 10 0 94.219653 0.14076 0.991736 0.115385 0.952381 0.991736 0.97166 0.994994 0.001
(173) trees.J48 154 19 0 89.017341 0.210703 0.92562 0.076923 0.965517 0.92562 0.945148 0.97028 0.002
(174) trees.J48 160 13 0 92.485549 0.161508 0.975207 0.038462 0.983333 0.975207 0.979253 0.993484 0.002
(175) trees.J48 164 9 0 94.797688 0.130221 0.991736 0.057692 0.97561 0.991736 0.983607 0.993404 0.001
(176) trees.J48 161 12 0 93.063584 0.155158 0.975207 0.096154 0.95935 0.975207 0.967213 0.991815 0.001
(177) trees.J48 156 16 0 90.697674 0.17873 0.950413 0.117647 0.950413 0.950413 0.950413 0.979987 0.001
(178) trees.J48 154 18 0 89.534884 0.2124 0.92562 0.117647 0.949153 0.92562 0.937238 0.912737 0.001
(179) trees.J48 157 16 0 90.751445 0.184432 0.942149 0 1 0.942149 0.970213 0.97918 0.002
(180) trees.J48 158 15 0 91.32948 0.17229 0.958678 0.038462 0.983051 0.958678 0.970711 0.981405 0.001
(181) trees.J48 159 14 0 91.907514 0.178847 0.950413 0.057692 0.974576 0.950413 0.962343 0.975048 0.001
(182) trees.J48 160 13 0 92.485549 0.160312 0.966942 0.038462 0.983193 0.966942 0.975 0.982994 0.001
(183) trees.J48 156 17 0 90.17341 0.18656 0.958678 0.192308 0.920635 0.958678 0.939271 0.970836 0.001
(184) trees.J48 159 14 0 91.907514 0.149604 1 0.153846 0.937984 1 0.968 0.999682 0.002
(185) trees.J48 157 16 0 90.751445 0.197603 0.958678 0.057692 0.97479 0.958678 0.966667 0.974412 0.001
(186) trees.J48 162 11 0 93.641618 0.157416 0.950413 0.057692 0.974576 0.950413 0.962343 0.97465 0.001
(187) trees.J48 168 4 0 97.674419 0.104241 0.975207 0.019608 0.991597 0.975207 0.983333 0.992708 0.002
(188) trees.J48 157 15 0 91.27907 0.182343 0.942149 0.019608 0.991304 0.942149 0.966102 0.972857 0.001
(189) trees.J48 161 12 0 93.063584 0.162506 0.950413 0.076923 0.966387 0.950413 0.958333 0.975842 0.001
(190) trees.J48 161 12 0 93.063584 0.162694 0.966942 0.057692 0.975 0.966942 0.970954 0.986093 0.001
(191) trees.J48 157 16 0 90.751445 0.173156 0.950413 0.019231 0.991379 0.950413 0.970464 0.974015 0.001
(192) trees.J48 163 10 0 94.219653 0.139058 0.958678 0.019231 0.991453 0.958678 0.97479 0.988875 0.002
(193) trees.J48 165 8 0 95.375723 0.128952 0.975207 0.076923 0.967213 0.975207 0.971193 0.987921 0.001
(194) trees.J48 161 12 0 93.063584 0.173924 0.966942 0.038462 0.983193 0.966942 0.975 0.979021 0.001
(195) trees.J48 155 18 0 89.595376 0.19945 0.950413 0.076923 0.966387 0.950413 0.958333 0.974412 0.002
(196) trees.J48 163 10 0 94.219653 0.142191 0.983471 0.076923 0.96748 0.983471 0.97541 0.993007 0.001
(197) trees.J48 160 12 0 93.023256 0.172608 0.966942 0.019608 0.991525 0.966942 0.979079 0.983714 0.001
(198) trees.J48 159 13 0 92.44186 0.157666 0.958678 0.039216 0.983051 0.958678 0.970711 0.988333 0.001
(199) trees.RandomForest 164 9 0 94.797688 0.16533 0.966942 0.019231 0.991525 0.966942 0.979079 0.996503 0.051
(200) trees.RandomForest 161 12 0 93.063584 0.167344 0.975207 0.038462 0.983333 0.975207 0.979253 0.995709 0.049
(201) trees.RandomForest 166 7 0 95.953757 0.148217 0.975207 0.019231 0.991597 0.975207 0.983333 0.999523 0.049
(202) trees.RandomForest 165 8 0 95.375723 0.162026 0.958678 0 1 0.958678 0.978903 0.99412 0.049
(203) trees.RandomForest 166 7 0 95.953757 0.153919 0.991736 0.057692 0.97561 0.991736 0.983607 0.997934 0.054
(204) trees.RandomForest 167 6 0 96.531792 0.154378 0.983471 0 1 0.983471 0.991667 0.997457 0.052
(205) trees.RandomForest 161 12 0 93.063584 0.167355 0.975207 0.019231 0.991597 0.975207 0.983333 0.999523 0.048
(206) trees.RandomForest 159 14 0 91.907514 0.174836 0.966942 0.057692 0.975 0.966942 0.970954 0.993802 0.051
(207) trees.RandomForest 162 10 0 94.186047 0.15076 0.966942 0.019608 0.991525 0.966942 0.979079 0.997407 0.05
(208) trees.RandomForest 162 10 0 94.186047 0.161116 0.933884 0 1 0.933884 0.965812 0.997083 0.049
(209) trees.RandomForest 162 11 0 93.641618 0.163777 0.966942 0.038462 0.983193 0.966942 0.975 0.993802 0.051
(210) trees.RandomForest 162 11 0 93.641618 0.159894 0.975207 0.038462 0.983333 0.975207 0.979253 0.997934 0.05
(211) trees.RandomForest 166 7 0 95.953757 0.151532 0.975207 0 1 0.975207 0.987448 0.997934 0.049
(212) trees.RandomForest 158 15 0 91.32948 0.179779 0.958678 0.057692 0.97479 0.958678 0.966667 0.99412 0.051
(213) trees.RandomForest 162 11 0 93.641618 0.172811 0.975207 0.076923 0.967213 0.975207 0.971193 0.994596 0.05
(214) trees.RandomForest 167 6 0 96.531792 0.155226 0.975207 0 1 0.975207 0.987448 0.99698 0.049
(215) trees.RandomForest 164 9 0 94.797688 0.158816 0.983471 0.019231 0.991667 0.983471 0.987552 0.998252 0.049
(216) trees.RandomForest 166 7 0 95.953757 0.160648 0.966942 0.019231 0.991525 0.966942 0.979079 0.994914 0.051
(217) trees.RandomForest 163 9 0 94.767442 0.154192 0.966942 0.039216 0.983193 0.966942 0.975 0.995949 0.05
(218) trees.RandomForest 167 5 0 97.093023 0.143311 0.991736 0.039216 0.983607 0.991736 0.987654 0.99919 0.047
(219) trees.RandomForest 162 11 0 93.641618 0.162298 0.975207 0.076923 0.967213 0.975207 0.971193 0.995232 0.051
(220) trees.RandomForest 163 10 0 94.219653 0.159932 0.975207 0.019231 0.991597 0.975207 0.983333 0.998411 0.049
(221) trees.RandomForest 159 14 0 91.907514 0.179328 0.950413 0.019231 0.991379 0.950413 0.970464 0.993166 0.048
(222) trees.RandomForest 167 6 0 96.531792 0.144381 0.983471 0.019231 0.991667 0.983471 0.987552 0.998411 0.049
(223) trees.RandomForest 161 12 0 93.063584 0.174311 0.966942 0.038462 0.983193 0.966942 0.975 0.99555 0.061
(224) trees.RandomForest 164 9 0 94.797688 0.154212 0.975207 0 1 0.975207 0.987448 0.998887 0.051
(225) trees.RandomForest 170 3 0 98.265896 0.141306 0.991736 0.019231 0.991736 0.991736 0.991736 0.998729 0.048
(226) trees.RandomForest 164 9 0 94.797688 0.152836 0.983471 0.076923 0.96748 0.983471 0.97541 0.998729 0.049
(227) trees.RandomForest 163 9 0 94.767442 0.159637 0.966942 0.039216 0.983193 0.966942 0.975 0.994004 0.055
(228) trees.RandomForest 153 19 0 88.953488 0.190505 0.933884 0.117647 0.94958 0.933884 0.941667 0.987522 0.048
(229) trees.RandomForest 164 9 0 94.797688 0.168108 0.950413 0 1 0.950413 0.974576 0.998411 0.049
(230) trees.RandomForest 162 11 0 93.641618 0.166528 0.966942 0.019231 0.991525 0.966942 0.979079 0.997139 0.047
(231) trees.RandomForest 166 7 0 95.953757 0.160037 0.975207 0.019231 0.991597 0.975207 0.983333 0.996662 0.057
(232) trees.RandomForest 162 11 0 93.641618 0.158543 0.966942 0.019231 0.991525 0.966942 0.979079 0.996345 0.053
(233) trees.RandomForest 163 10 0 94.219653 0.161568 0.966942 0.076923 0.966942 0.966942 0.966942 0.99412 0.047
(234) trees.RandomForest 167 6 0 96.531792 0.157496 1 0.038462 0.98374 1 0.991803 1 0.048
(235) trees.RandomForest 158 15 0 91.32948 0.176348 0.966942 0.038462 0.983193 0.966942 0.975 0.995232 0.049
(236) trees.RandomForest 167 6 0 96.531792 0.155978 0.966942 0 1 0.966942 0.983193 0.997298 0.053
(237) trees.RandomForest 169 3 0 98.255814 0.136331 1 0.019608 0.991803 1 0.995885 0.999838 0.048
(238) trees.RandomForest 163 9 0 94.767442 0.166676 0.975207 0.019608 0.991597 0.975207 0.983333 0.994004 0.05
(239) trees.RandomForest 165 8 0 95.375723 0.163506 0.950413 0.019231 0.991379 0.950413 0.970464 0.992848 0.048
(240) trees.RandomForest 162 11 0 93.641618 0.162082 0.966942 0.057692 0.975 0.966942 0.970954 0.997616 0.048
(241) trees.RandomForest 158 15 0 91.32948 0.170246 0.958678 0.038462 0.983051 0.958678 0.970711 0.992371 0.077
(242) trees.RandomForest 166 7 0 95.953757 0.147651 0.983471 0.019231 0.991667 0.983471 0.987552 0.99857 0.049
(243) trees.RandomForest 165 8 0 95.375723 0.144525 0.966942 0.057692 0.975 0.966942 0.970954 0.996662 0.048
(244) trees.RandomForest 165 8 0 95.375723 0.165862 0.983471 0.019231 0.991667 0.983471 0.987552 0.996186 0.049
(245) trees.RandomForest 162 11 0 93.641618 0.181127 0.958678 0.057692 0.97479 0.958678 0.966667 0.992053 0.048
(246) trees.RandomForest 165 8 0 95.375723 0.15439 0.983471 0.019231 0.991667 0.983471 0.987552 0.999682 0.048
(247) trees.RandomForest 161 11 0 93.604651 0.164899 0.975207 0 1 0.975207 0.987448 0.998704 0.047
(248) trees.RandomForest 167 5 0 97.093023 0.146924 0.983471 0.019608 0.991667 0.983471 0.987552 0.997245 0.047
(249) trees.LMT 172 1 0 99.421965 0.054167 0.991736 0 1 0.991736 0.995851 0.998252 2.397
(250) trees.LMT 166 7 0 95.953757 0.133665 0.983471 0.057692 0.97541 0.983471 0.979424 0.997934 2.056
(251) trees.LMT 170 3 0 98.265896 0.093127 1 0 1 1 1 1 2.674
(252) trees.LMT 172 1 0 99.421965 0.053809 1 0 1 1 1 1 2.725
(253) trees.LMT 173 0 0 100 0.006592 1 0 1 1 1 1 1.924
(254) trees.LMT 173 0 0 100 0.013476 1 0 1 1 1 1 2.43
(255) trees.LMT 170 3 0 98.265896 0.086723 1 0 1 1 1 1 1.946
(256) trees.LMT 171 2 0 98.843931 0.075286 1 0 1 1 1 1 2.796
(257) trees.LMT 169 3 0 98.255814 0.093634 1 0.019608 0.991803 1 0.995885 0.999514 3.079
(258) trees.LMT 171 1 0 99.418605 0.053924 1 0 1 1 1 1 2.614
(259) trees.LMT 173 0 0 100 0.003713 1 0 1 1 1 1 2.389
(260) trees.LMT 169 4 0 97.687861 0.100968 0.991736 0.019231 0.991736 0.991736 0.991736 0.999523 1.723
(261) trees.LMT 170 3 0 98.265896 0.093283 0.991736 0.019231 0.991736 0.991736 0.991736 0.999523 3.022
(262) trees.LMT 164 9 0 94.797688 0.162373 0.975207 0.019231 0.991597 0.975207 0.983333 0.989669 2.074
(263) trees.LMT 172 1 0 99.421965 0.056691 1 0 1 1 1 1 1.786
(264) trees.LMT 172 1 0 99.421965 0.055073 0.991736 0 1 0.991736 0.995851 0.998887 1.817
(265) trees.LMT 171 2 0 98.843931 0.076722 1 0 1 1 1 1 2.358
(266) trees.LMT 172 1 0 99.421965 0.054028 0.991736 0 1 0.991736 0.995851 1 2.071
(267) trees.LMT 172 0 0 100 0.000152 1 0 1 1 1 1 2.582
(268) trees.LMT 170 2 0 98.837209 0.076245 1 0 1 1 1 1 1.769
(269) trees.LMT 170 3 0 98.265896 0.085867 1 0 1 1 1 1 2.049
(270) trees.LMT 173 0 0 100 0.011299 1 0 1 1 1 1 1.721
(271) trees.LMT 168 5 0 97.109827 0.120113 0.983471 0 1 0.983471 0.991667 0.995232 1.842
(272) trees.LMT 170 3 0 98.265896 0.086842 0.991736 0 1 0.991736 0.995851 0.999364 2.084
(273) trees.LMT 168 5 0 97.109827 0.120712 0.991736 0.038462 0.983607 0.991736 0.987654 0.995709 1.98
(274) trees.LMT 171 2 0 98.843931 0.075536 1 0 1 1 1 1 2.252
(275) trees.LMT 173 0 0 100 0.003475 1 0 1 1 1 1 1.916
(276) trees.LMT 168 5 0 97.109827 0.118723 0.983471 0.038462 0.983471 0.983471 0.983471 0.995868 2.1
(277) trees.LMT 170 2 0 98.837209 0.0802 1 0.019608 0.991803 1 0.995885 0.999028 2.606
(278) trees.LMT 163 9 0 94.767442 0.161758 0.983471 0.117647 0.952 0.983471 0.96748 0.983309 2.586
(279) trees.LMT 170 3 0 98.265896 0.09329 1 0 1 1 1 1 2.599
(280) trees.LMT 170 3 0 98.265896 0.08181 0.991736 0.019231 0.991736 0.991736 0.991736 0.99857 1.985
(281) trees.LMT 169 4 0 97.687861 0.080703 1 0 1 1 1 1 1.775
(282) trees.LMT 172 1 0 99.421965 0.053796 0.991736 0 1 0.991736 0.995851 0.99857 1.765
(283) trees.LMT 171 2 0 98.843931 0.075963 1 0 1 1 1 1 2.393
(284) trees.LMT 172 1 0 99.421965 0.053761 1 0.019231 0.991803 1 0.995885 0.999205 3.165
(285) trees.LMT 170 3 0 98.265896 0.090344 1 0 1 1 1 1 2.88
(286) trees.LMT 169 4 0 97.687861 0.107778 0.991736 0.019231 0.991736 0.991736 0.991736 0.997934 2.047
(287) trees.LMT 168 4 0 97.674419 0.104175 1 0 1 1 1 1 1.361
(288) trees.LMT 171 1 0 99.418605 0.053943 1 0 1 1 1 1 2.036
(289) trees.LMT 172 1 0 99.421965 0.052437 1 0 1 1 1 1 2.127
(290) trees.LMT 168 5 0 97.109827 0.120212 0.991736 0.038462 0.983607 0.991736 0.987654 0.997616 2.826
(291) trees.LMT 170 3 0 98.265896 0.095157 0.983471 0 1 0.983471 0.991667 0.996345 1.984
(292) trees.LMT 171 2 0 98.843931 0.078029 1 0 1 1 1 1 2.146
(293) trees.LMT 169 4 0 97.687861 0.107585 1 0.038462 0.98374 1 0.991803 0.999046 2.52
(294) trees.LMT 173 0 0 100 0.003669 1 0 1 1 1 1 2.624
(295) trees.LMT 163 10 0 94.219653 0.170005 0.983471 0.057692 0.97541 0.983471 0.979424 0.993484 1.776
(296) trees.LMT 168 5 0 97.109827 0.103809 0.991736 0.019231 0.991736 0.991736 0.991736 0.997775 3.311
(297) trees.LMT 169 3 0 98.255814 0.073358 1 0 1 1 1 1 2.669
(298) trees.LMT 168 4 0 97.674419 0.095744 1 0 1 1 1 1 2.087



